233
52
227
114
103
51
69
68
76
104
56
142
33
86
23
144
101
132
182
121
81
181
137
77
253
38
5
116
46
52
145
193
216
81
230
78
37
35
8
78
174
34
112
236
108
47
208
20
94
97
75
234
145
125
176
151
156
152
188
247
140
203
178
205
152
176
10
108
25
159
246
233
222
114
72
188
143
12
166
97
204
232
15
248
170
61
86
194
146
14
249
24
244
22
222
22
91
7
191
55
161
105
205
165
250
108
81
244
119
118
173
0
3
148
84
183
69
228
65
222
155
37
231
91
247
9
87
180
83
129
176
238
69
205
77
254
103
91
59
52
223
246
93
247
153
178
123
99
148
82
118
194
167
254
254
99
82
135
193
119
181
207
1
163
144
2
48
151
136
188
242
156
191
250
148
248
1
11
114
87
243
246
167
246
24
162
146
180
70
28
218
239
166
215
20
220
244
1
111
139
52
192
75
1
158
60
124
212
29
183
106
32
35
8
78
23
61
210
147
149
224
56
1
173
70
169
154
22
213
79
130
53
28
72
42
39
251
87
11
116
0
15
167
9
97
189
121
138
113
128
151
188
232
250
238
45
183
102
91
84
217
112
236
39
226
232
215
144
224
132
213
202
240
234
19
144
214
120
137
135
231
68
130
82
25
115
35
133
154
227
168
219
48
11
144
23
136
47
72
97
176
165
160
251
207
210
78
223
161
102
168
184
11
50
14
246
2
255
181
246
169
246
219
96
63
55
174
28
188
15
82
131
198
165
219
15
95
77
188
50
165
19
131
90
47
75
71
161
240
69
109
168
178
99
249
140
25
18
177
28
